8 2.93076e+06 495909
16 7.52351e+07 1.41718e+07
32 1.93159e+08 8.96359e+07
64 3.83234e+08 2.8661e+07
128 7.34226e+08 3.66762e+08
256 370624 2.36599e+08
512 2.3814e+09 9.94175e+08
1024 2.72824e+09 6.48397e+06
2048 1.2066e+09 6.05308e+07
4096 1.20945e+10 5.30357e+07
8192 1.57136e+10 1.41907e+08
16384 5.04744e+09 5.81725e+07
32768 1.33838e+10 3.95381e+08
65536 3.22483e+09 1.49619e+09
131072 4.33908e+09 1.31855e+09
262144 2.58654e+09 3.6039e+09
524288 4.08966e+09 3.82672e+09
1048576 3.66667e+09 9.51789e+09
2097152 4.18865e+09 1.13824e+10
4194304 4.52427e+09 1.16807e+10
8388608 7.35264e+09 1.18696e+10
16777216 8.73119e+09 1.20048e+10
33554432 9.49389e+09 1.20039e+10
67108864 1.0194e+10 1.19875e+10
134217728 1.06387e+10 1.19852e+10
268435456 9.68376e+09 1.19697e+10
