8 488.375 647.597
16 7.37656e+07 1.62933e+07
32 2.10482e+08 4.27807e+07
64 4.01945e+08 3.59551e+06
128 6.21671e+07 2.61278e+07
256 2.06769e+08 3.95997e+06
512 6.82168e+08 9.60961e+07
1024 1.59799e+09 7.04313e+07
2048 1.44107e+09 3.41977e+07
4096 2.473e+09 1.92382e+08
8192 3.55575e+09 1.98159e+07
16384 3.42688e+09 1.4433e+08
32768 3.76679e+09 3.07658e+08
65536 4.0335e+09 5.96253e+08
131072 4.13376e+09 5.74243e+08
262144 1.96453e+09 2.30278e+09
524288 5.83328e+09 1.91892e+09
1048576 4.81327e+09 2.29224e+09
2097152 5.77566e+09 7.47494e+08
4194304 5.59586e+09 1.99339e+09
8388608 6.51127e+09 1.34236e+09
16777216 6.48053e+09 1.42351e+09
33554432 7.41393e+09 1.62429e+09
67108864 7.93361e+09 1.58073e+09
134217728 7.68375e+09 1.56455e+09
268435456 7.90127e+09 1.62263e+09
